best_avg: 0.8021
best_range: 0.719537
die_speed: 0.249313
min_life: 0.042675
life_boost: -0.115966
diagonal_neighbors: 0