best_avg: 0.9271
best_range: 0.824884
die_speed: 0.405563
min_life: 0.0172844
life_boost: -0.130614
diagonal_neighbors: 0