best_avg: 0.8021
best_range: 0.719537
die_speed: 0.249313
min_life: 0.0583
life_boost: -0.1062
diagonal_neighbors: 0