best_avg: 1.71162
best_range: 0.782892
die_speed: 0.593063
min_life: 0.405956
life_boost: 0.0725109
diagonal_neighbors: 0